"gender" "age" "attitude" "points" "deep" "stra" "surf"
"1" "F" 53 37 25 3.58333333333333 3.375 2.58333333333333
"2" "M" 55 31 12 2.91666666666667 2.75 3.16666666666667
"3" "F" 49 25 24 3.5 3.625 2.25
"4" "M" 53 35 10 3.5 3.125 2.25
"5" "M" 49 37 22 3.66666666666667 3.625 2.83333333333333
"6" "F" 38 38 21 4.75 3.625 2.41666666666667
"7" "M" 50 35 21 3.83333333333333 2.25 1.91666666666667
"8" "F" 37 29 31 3.25 4 2.83333333333333
"9" "M" 37 38 24 4.33333333333333 4.25 2.16666666666667
"10" "F" 42 21 26 4 3.5 3
"11" "M" 37 39 31 3.58333333333333 3.625 2.66666666666667
"12" "F" 34 38 31 3.83333333333333 4.75 2.41666666666667
"13" "F" 34 24 23 4.25 3.625 2.25
"14" "F" 34 30 25 3.33333333333333 3.5 2.75
"15" "M" 35 26 21 4.16666666666667 1.75 2.33333333333333
"16" "F" 33 41 31 3.66666666666667 3.875 2.33333333333333
"17" "F" 32 26 20 4.08333333333333 1.375 2.91666666666667
"18" "F" 44 26 22 3.5 3.25 2.5
"19" "M" 29 17 9 4.08333333333333 3 3.75
"20" "F" 30 27 24 4 3.75 2.75
"21" "M" 27 39 28 3.91666666666667 2.625 2.33333333333333
"22" "M" 29 34 30 4 2.375 2.41666666666667
"23" "F" 31 27 24 4 3.625 3
"24" "F" 37 23 9 3.66666666666667 2.75 2.41666666666667
"25" "F" 26 37 26 3.66666666666667 1.75 2.83333333333333
"26" "F" 26 44 32 4.41666666666667 3.25 3.16666666666667
"27" "M" 30 41 32 3.91666666666667 4 3
"28" "F" 33 37 33 3.75 3.625 2
"29" "F" 33 25 29 3.25 2.875 3.5
"30" "M" 28 30 30 3.58333333333333 3 3.75
"31" "M" 26 34 19 4.91666666666667 1.625 2.5
"32" "F" 27 32 23 3.58333333333333 3.25 2.08333333333333
"33" "F" 25 20 19 2.91666666666667 3.5 2.41666666666667
"34" "F" 31 24 12 3.66666666666667 3 2.58333333333333
"35" "M" 20 42 10 4.5 3.25 1.58333333333333
"36" "F" 39 16 11 4.08333333333333 1.875 2.83333333333333
"37" "M" 38 31 20 3.83333333333333 4.375 1.83333333333333
"38" "M" 24 38 26 3.25 3.625 2.41666666666667
"39" "M" 26 38 31 2.33333333333333 2.5 3.25
"40" "M" 25 33 20 3.33333333333333 1.25 3.41666666666667
"41" "F" 30 17 23 4.08333333333333 4 3.41666666666667
"42" "F" 25 25 12 2.91666666666667 3 3.16666666666667
"43" "M" 30 32 24 3.33333333333333 2.5 3.5
"44" "F" 48 35 17 3.83333333333333 4.875 2.66666666666667
"45" "F" 24 32 29 3.66666666666667 5 2.41666666666667
"46" "F" 40 42 23 4.66666666666667 4.375 3.58333333333333
"47" "M" 25 31 28 3.75 3.25 2.08333333333333
"48" "F" 23 39 31 3.41666666666667 4 3.75
"49" "F" 25 19 23 4.16666666666667 3.125 2.91666666666667
"50" "F" 23 21 25 2.91666666666667 2.5 2.91666666666667
"51" "M" 27 25 18 4.16666666666667 3.125 2.41666666666667
"52" "M" 25 32 19 3.58333333333333 3.25 3
"53" "M" 23 32 22 2.83333333333333 2.125 3.41666666666667
"54" "F" 23 26 25 4 2.75 2.91666666666667
"55" "F" 23 23 21 2.91666666666667 2.375 3.25
"56" "F" 45 38 9 3 3.125 3.25
"57" "F" 22 28 28 4.08333333333333 4 2.33333333333333
"58" "F" 23 33 25 2.91666666666667 4 3.25
"59" "M" 21 48 29 3.5 2.25 2.5
"60" "M" 21 40 33 4.33333333333333 3.25 1.75
"61" "F" 21 40 33 4.25 3.625 2.25
"62" "F" 21 47 25 3.41666666666667 3.625 2.08333333333333
"63" "F" 26 23 18 3.08333333333333 2.5 2.83333333333333
"64" "F" 25 31 22 4.58333333333333 1.875 2.83333333333333
"65" "F" 26 27 17 3.41666666666667 2 2.41666666666667
"66" "M" 21 41 25 3.41666666666667 1.875 2.25
"67" "F" 23 34 28 3.41666666666667 4 2.83333333333333
"68" "F" 22 25 22 3.58333333333333 2.875 2.25
"69" "F" 22 21 26 1.58333333333333 3.875 1.83333333333333
"70" "F" 22 14 11 3.33333333333333 2.5 2.91666666666667
"71" "F" 23 19 29 4.33333333333333 2.75 2.91666666666667
"72" "M" 22 37 22 4.41666666666667 4.5 2.08333333333333
"73" "M" 23 32 21 4.83333333333333 3.375 2.33333333333333
"74" "M" 24 28 28 3.08333333333333 2.625 2.41666666666667
"75" "F" 22 41 33 3 4.125 2.75
"76" "F" 23 25 16 4.08333333333333 2.625 3.25
"77" "M" 22 28 31 4.08333333333333 2.25 1.75
"78" "M" 20 38 22 3.75 2.75 2.58333333333333
"79" "M" 22 31 31 3.08333333333333 3 3.33333333333333
"80" "M" 21 35 23 4.75 1.625 2.83333333333333
"81" "F" 22 36 26 4.25 1.875 2.5
"82" "F" 23 26 12 4.16666666666667 3.375 2.41666666666667
"83" "M" 21 44 26 4.41666666666667 3.75 2.41666666666667
"84" "M" 22 45 31 3.83333333333333 2.125 2.58333333333333
"85" "M" 29 32 19 3.33333333333333 2.375 3
"86" "F" 29 39 30 3.16666666666667 2.75 2
"87" "F" 21 25 12 3.16666666666667 3.125 3.41666666666667
"88" "M" 28 33 17 3.83333333333333 3.5 2.83333333333333
"89" "F" 21 33 18 4.25 2.625 2.25
"90" "F" 30 30 19 3.83333333333333 3.375 2.75
"91" "F" 21 29 21 3.66666666666667 2.25 3.91666666666667
"92" "M" 23 33 24 3.83333333333333 3 2.33333333333333
"93" "F" 21 33 28 3.83333333333333 4 2.75
"94" "F" 21 35 17 3.83333333333333 3.5 2.75
"95" "F" 20 36 18 3.66666666666667 2.625 2.91666666666667
"96" "M" 22 37 17 4.33333333333333 2.5 2.08333333333333
"97" "M" 21 42 23 3.75 3.75 3.66666666666667
"98" "M" 21 32 26 4.16666666666667 3.625 2.83333333333333
"99" "F" 20 50 28 4 4.125 3.41666666666667
"100" "M" 22 47 31 4 4.375 1.58333333333333
"101" "F" 20 36 27 4.58333333333333 2.625 2.91666666666667
"102" "F" 20 36 25 3.66666666666667 4 3
"103" "M" 24 29 23 3.66666666666667 2.75 2.91666666666667
"104" "F" 20 35 21 3.83333333333333 2.75 2.66666666666667
"105" "F" 19 40 27 2.58333333333333 1.375 3
"106" "F" 21 35 28 3.5 2.25 2.75
"107" "F" 21 32 23 3.08333333333333 3.625 3.08333333333333
"108" "F" 22 26 21 4.25 3.75 2.5
"109" "F" 25 20 25 3.16666666666667 4 2.33333333333333
"110" "F" 21 27 11 3.08333333333333 3.125 3
"111" "F" 22 32 19 4.16666666666667 3.25 3
"112" "F" 25 33 24 2.25 2.125 4
"113" "F" 20 39 28 3.33333333333333 2.875 3.25
"114" "M" 24 33 21 3.08333333333333 1.5 3.5
"115" "F" 20 30 24 2.75 2.5 3.5
"116" "M" 21 37 24 3.25 3.25 3.83333333333333
"117" "F" 20 25 20 4 3.625 2.91666666666667
"118" "F" 20 29 19 3.58333333333333 3.875 2.16666666666667
"119" "M" 31 39 30 4.08333333333333 3.875 1.66666666666667
"120" "F" 20 36 22 4.25 2.375 2.08333333333333
"121" "F" 22 29 16 3.41666666666667 3 2.83333333333333
"122" "F" 22 21 16 3.08333333333333 3.375 3.41666666666667
"123" "M" 21 31 19 3.5 2.75 3.33333333333333
"124" "M" 22 40 30 3.66666666666667 4.5 2.58333333333333
"125" "F" 21 31 23 4.25 2.625 2.83333333333333
"126" "F" 21 23 19 4.25 2.75 3.33333333333333
"127" "F" 21 28 18 3.83333333333333 3.25 3
"128" "F" 21 37 28 4.41666666666667 4.125 2.58333333333333
"129" "F" 20 26 21 3.5 3.375 2.41666666666667
"130" "F" 21 24 19 3.58333333333333 2.75 3.58333333333333
"131" "F" 25 30 27 3.66666666666667 4.125 2.08333333333333
"132" "M" 21 28 24 2.08333333333333 3.25 4.33333333333333
"133" "F" 24 29 21 4.25 2.875 2.66666666666667
"134" "F" 20 24 20 3.58333333333333 2.875 3
"135" "M" 21 31 28 4 2.375 2.66666666666667
"136" "F" 20 19 12 3.33333333333333 3.875 2.16666666666667
"137" "F" 20 20 21 3.5 2.125 2.66666666666667
"138" "F" 18 38 28 3.16666666666667 4 2.25
"139" "F" 21 34 31 3.58333333333333 3.25 2.66666666666667
"140" "F" 19 37 18 3.41666666666667 2.625 3.33333333333333
"141" "F" 21 29 25 4.25 2.75 3.5
"142" "F" 20 23 19 3.25 4 2.75
"143" "M" 21 41 21 4.41666666666667 3 2
"144" "F" 20 27 16 3.25 3.375 2.83333333333333
"145" "F" 21 35 7 3.91666666666667 3.875 3.5
"146" "F" 20 34 21 3.58333333333333 3.25 2.5
"147" "F" 18 32 17 4.5 3.375 3.16666666666667
"148" "M" 22 33 22 3.58333333333333 4.125 3.08333333333333
"149" "F" 22 33 18 3.66666666666667 3.5 2.91666666666667
"150" "M" 24 35 25 2.58333333333333 2 3.16666666666667
"151" "F" 19 32 24 4.16666666666667 3.625 2.5
"152" "F" 20 31 23 3.25 3.375 3.83333333333333
"153" "F" 20 28 23 4.33333333333333 2.125 2.25
"154" "F" 17 17 26 3.91666666666667 4.625 3.41666666666667
"155" "M" 19 19 12 2.66666666666667 2.5 3.75
"156" "F" 20 35 32 3.08333333333333 2.875 3
"157" "F" 20 24 22 3.75 2.75 2.58333333333333
"158" "F" 20 21 20 4.16666666666667 4 3.33333333333333
"159" "F" 20 29 21 4.16666666666667 2.375 2.83333333333333
"160" "F" 19 19 23 3.25 3.875 3
"161" "F" 19 20 20 4.08333333333333 3.375 2.83333333333333
"162" "F" 22 42 28 2.91666666666667 1.75 3.16666666666667
"163" "M" 35 41 31 3.83333333333333 3 2.75
"164" "F" 18 37 18 3.16666666666667 2.625 3.41666666666667
"165" "F" 19 36 30 3.41666666666667 2.625 3
"166" "M" 21 18 19 4.08333333333333 3.375 2.66666666666667
